 l 7.33528
 n 6
 theta 0
-7.03905 0
-6.59911 -0.762
-6.59911 -0.254
-6.59911 0.254
-6.59911 0.762
-6.15917 -1.524
-6.15917 -1.016
-6.15917 -0.508
-6.15917 0
-6.15917 0.508
-6.15917 1.016
-6.15917 1.524
-5.71923 -2.286
-5.71923 -1.778
-5.71923 -1.27
-5.71923 -0.762
-5.71923 -0.254
-5.71923 0.254
-5.71923 0.762
-5.71923 1.27
-5.71923 1.778
-5.71923 2.286
-5.27929 -3.048
-5.27929 -2.54
-5.27929 -2.032
-5.27929 -1.524
-5.27929 -1.016
-5.27929 -0.508
-5.27929 0
-5.27929 0.508
-5.27929 1.016
-5.27929 1.524
-5.27929 2.032
-5.27929 2.54
-5.27929 3.048
-4.83935 -3.81
-4.83935 -3.302
-4.83935 -2.794
-4.83935 -2.286
-4.83935 -1.778
-4.83935 -1.27
-4.83935 -0.762
-4.83935 -0.254
-4.83935 0.254
-4.83935 0.762
-4.83935 1.27
-4.83935 1.778
-4.83935 2.286
-4.83935 2.794
-4.83935 3.302
-4.83935 3.81
-4.39941 -4.572
-4.39941 -4.064
-4.39941 -3.556
-4.39941 -3.048
-4.39941 -2.54
-4.39941 -2.032
-4.39941 -1.524
-4.39941 -1.016
-4.39941 -0.508
-4.39941 0
-4.39941 0.508
-4.39941 1.016
-4.39941 1.524
-4.39941 2.032
-4.39941 2.54
-4.39941 3.048
-4.39941 3.556
-4.39941 4.064
-4.39941 4.572
-3.95947 -5.334
-3.95947 -4.826
-3.95947 -4.318
-3.95947 -3.81
-3.95947 -3.302
-3.95947 -2.794
-3.95947 -2.286
-3.95947 -1.778
-3.95947 -1.27
-3.95947 -0.762
-3.95947 -0.254
-3.95947 0.254
-3.95947 0.762
-3.95947 1.27
-3.95947 1.778
-3.95947 2.286
-3.95947 2.794
-3.95947 3.302
-3.95947 3.81
-3.95947 4.318
-3.95947 4.826
-3.95947 5.334
-3.51953 -6.096
-3.51953 -5.588
-3.51953 -5.08
-3.51953 -4.572
-3.51953 -4.064
-3.51953 -3.556
-3.51953 -3.048
-3.51953 -2.54
-3.51953 -2.032
-3.51953 -1.524
-3.51953 -1.016
-3.51953 -0.508
-3.51953 0
-3.51953 0.508
-3.51953 1.016
-3.51953 1.524
-3.51953 2.032
-3.51953 2.54
-3.51953 3.048
-3.51953 3.556
-3.51953 4.064
-3.51953 4.572
-3.51953 5.08
-3.51953 5.588
-3.51953 6.096
-3.07959 -5.842
-3.07959 -5.334
-3.07959 -4.826
-3.07959 -4.318
-3.07959 -3.81
-3.07959 -3.302
-3.07959 -2.794
-3.07959 -2.286
-3.07959 -1.778
-3.07959 -1.27
-3.07959 -0.762
-3.07959 -0.254
-3.07959 0.254
-3.07959 0.762
-3.07959 1.27
-3.07959 1.778
-3.07959 2.286
-3.07959 2.794
-3.07959 3.302
-3.07959 3.81
-3.07959 4.318
-3.07959 4.826
-3.07959 5.334
-3.07959 5.842
-2.63965 -6.096
-2.63965 -5.588
-2.63965 -5.08
-2.63965 -4.572
-2.63965 -4.064
-2.63965 -3.556
-2.63965 -3.048
-2.63965 -2.54
-2.63965 -2.032
-2.63965 -1.524
-2.63965 -1.016
-2.63965 -0.508
-2.63965 0
-2.63965 0.508
-2.63965 1.016
-2.63965 1.524
-2.63965 2.032
-2.63965 2.54
-2.63965 3.048
-2.63965 3.556
-2.63965 4.064
-2.63965 4.572
-2.63965 5.08
-2.63965 5.588
-2.63965 6.096
-2.1997 -5.842
-2.1997 -5.334
-2.1997 -4.826
-2.1997 -4.318
-2.1997 -3.81
-2.1997 -3.302
-2.1997 -2.794
-2.1997 -2.286
-2.1997 -1.778
-2.1997 -1.27
-2.1997 -0.762
-2.1997 -0.254
-2.1997 0.254
-2.1997 0.762
-2.1997 1.27
-2.1997 1.778
-2.1997 2.286
-2.1997 2.794
-2.1997 3.302
-2.1997 3.81
-2.1997 4.318
-2.1997 4.826
-2.1997 5.334
-2.1997 5.842
-1.75976 -6.096
-1.75976 -5.588
-1.75976 -5.08
-1.75976 -4.572
-1.75976 -4.064
-1.75976 -3.556
-1.75976 -3.048
-1.75976 -2.54
-1.75976 -2.032
-1.75976 -1.524
-1.75976 -1.016
-1.75976 -0.508
-1.75976 0
-1.75976 0.508
-1.75976 1.016
-1.75976 1.524
-1.75976 2.032
-1.75976 2.54
-1.75976 3.048
-1.75976 3.556
-1.75976 4.064
-1.75976 4.572
-1.75976 5.08
-1.75976 5.588
-1.75976 6.096
-1.31982 -5.842
-1.31982 -5.334
-1.31982 -4.826
-1.31982 -4.318
-1.31982 -3.81
-1.31982 -3.302
-1.31982 -2.794
-1.31982 -2.286
-1.31982 -1.778
-1.31982 -1.27
-1.31982 -0.762
-1.31982 -0.254
-1.31982 0.254
-1.31982 0.762
-1.31982 1.27
-1.31982 1.778
-1.31982 2.286
-1.31982 2.794
-1.31982 3.302
-1.31982 3.81
-1.31982 4.318
-1.31982 4.826
-1.31982 5.334
-1.31982 5.842
-0.879882 -6.096
-0.879882 -5.588
-0.879882 -5.08
-0.879882 -4.572
-0.879882 -4.064
-0.879882 -3.556
-0.879882 -3.048
-0.879882 -2.54
-0.879882 -2.032
-0.879882 -1.524
-0.879882 -1.016
-0.879882 -0.508
-0.879882 0
-0.879882 0.508
-0.879882 1.016
-0.879882 1.524
-0.879882 2.032
-0.879882 2.54
-0.879882 3.048
-0.879882 3.556
-0.879882 4.064
-0.879882 4.572
-0.879882 5.08
-0.879882 5.588
-0.879882 6.096
-0.439941 -5.842
-0.439941 -5.334
-0.439941 -4.826
-0.439941 -4.318
-0.439941 -3.81
-0.439941 -3.302
-0.439941 -2.794
-0.439941 -2.286
-0.439941 -1.778
-0.439941 -1.27
-0.439941 -0.762
-0.439941 -0.254
-0.439941 0.254
-0.439941 0.762
-0.439941 1.27
-0.439941 1.778
-0.439941 2.286
-0.439941 2.794
-0.439941 3.302
-0.439941 3.81
-0.439941 4.318
-0.439941 4.826
-0.439941 5.334
-0.439941 5.842
0 -6.096
0 -5.588
0 -5.08
0 -4.572
0 -4.064
0 -3.556
0 -3.048
0 -2.54
0 -2.032
0 -1.524
0 -1.016
0 -0.508
0 0
0 0.508
0 1.016
0 1.524
0 2.032
0 2.54
0 3.048
0 3.556
0 4.064
0 4.572
0 5.08
0 5.588
0 6.096
0.439941 -5.842
0.439941 -5.334
0.439941 -4.826
0.439941 -4.318
0.439941 -3.81
0.439941 -3.302
0.439941 -2.794
0.439941 -2.286
0.439941 -1.778
0.439941 -1.27
0.439941 -0.762
0.439941 -0.254
0.439941 0.254
0.439941 0.762
0.439941 1.27
0.439941 1.778
0.439941 2.286
0.439941 2.794
0.439941 3.302
0.439941 3.81
0.439941 4.318
0.439941 4.826
0.439941 5.334
0.439941 5.842
0.879882 -6.096
0.879882 -5.588
0.879882 -5.08
0.879882 -4.572
0.879882 -4.064
0.879882 -3.556
0.879882 -3.048
0.879882 -2.54
0.879882 -2.032
0.879882 -1.524
0.879882 -1.016
0.879882 -0.508
0.879882 0
0.879882 0.508
0.879882 1.016
0.879882 1.524
0.879882 2.032
0.879882 2.54
0.879882 3.048
0.879882 3.556
0.879882 4.064
0.879882 4.572
0.879882 5.08
0.879882 5.588
0.879882 6.096
1.31982 -5.842
1.31982 -5.334
1.31982 -4.826
1.31982 -4.318
1.31982 -3.81
1.31982 -3.302
1.31982 -2.794
1.31982 -2.286
1.31982 -1.778
1.31982 -1.27
1.31982 -0.762
1.31982 -0.254
1.31982 0.254
1.31982 0.762
1.31982 1.27
1.31982 1.778
1.31982 2.286
1.31982 2.794
1.31982 3.302
1.31982 3.81
1.31982 4.318
1.31982 4.826
1.31982 5.334
1.31982 5.842
1.75976 -6.096
1.75976 -5.588
1.75976 -5.08
1.75976 -4.572
1.75976 -4.064
1.75976 -3.556
1.75976 -3.048
1.75976 -2.54
1.75976 -2.032
1.75976 -1.524
1.75976 -1.016
1.75976 -0.508
1.75976 0
1.75976 0.508
1.75976 1.016
1.75976 1.524
1.75976 2.032
1.75976 2.54
1.75976 3.048
1.75976 3.556
1.75976 4.064
1.75976 4.572
1.75976 5.08
1.75976 5.588
1.75976 6.096
2.1997 -5.842
2.1997 -5.334
2.1997 -4.826
2.1997 -4.318
2.1997 -3.81
2.1997 -3.302
2.1997 -2.794
2.1997 -2.286
2.1997 -1.778
2.1997 -1.27
2.1997 -0.762
2.1997 -0.254
2.1997 0.254
2.1997 0.762
2.1997 1.27
2.1997 1.778
2.1997 2.286
2.1997 2.794
2.1997 3.302
2.1997 3.81
2.1997 4.318
2.1997 4.826
2.1997 5.334
2.1997 5.842
2.63965 -6.096
2.63965 -5.588
2.63965 -5.08
2.63965 -4.572
2.63965 -4.064
2.63965 -3.556
2.63965 -3.048
2.63965 -2.54
2.63965 -2.032
2.63965 -1.524
2.63965 -1.016
2.63965 -0.508
2.63965 0
2.63965 0.508
2.63965 1.016
2.63965 1.524
2.63965 2.032
2.63965 2.54
2.63965 3.048
2.63965 3.556
2.63965 4.064
2.63965 4.572
2.63965 5.08
2.63965 5.588
2.63965 6.096
3.07959 -5.842
3.07959 -5.334
3.07959 -4.826
3.07959 -4.318
3.07959 -3.81
3.07959 -3.302
3.07959 -2.794
3.07959 -2.286
3.07959 -1.778
3.07959 -1.27
3.07959 -0.762
3.07959 -0.254
3.07959 0.254
3.07959 0.762
3.07959 1.27
3.07959 1.778
3.07959 2.286
3.07959 2.794
3.07959 3.302
3.07959 3.81
3.07959 4.318
3.07959 4.826
3.07959 5.334
3.07959 5.842
3.51953 -6.096
3.51953 -5.588
3.51953 -5.08
3.51953 -4.572
3.51953 -4.064
3.51953 -3.556
3.51953 -3.048
3.51953 -2.54
3.51953 -2.032
3.51953 -1.524
3.51953 -1.016
3.51953 -0.508
3.51953 0
3.51953 0.508
3.51953 1.016
3.51953 1.524
3.51953 2.032
3.51953 2.54
3.51953 3.048
3.51953 3.556
3.51953 4.064
3.51953 4.572
3.51953 5.08
3.51953 5.588
3.51953 6.096
3.95947 -5.334
3.95947 -4.826
3.95947 -4.318
3.95947 -3.81
3.95947 -3.302
3.95947 -2.794
3.95947 -2.286
3.95947 -1.778
3.95947 -1.27
3.95947 -0.762
3.95947 -0.254
3.95947 0.254
3.95947 0.762
3.95947 1.27
3.95947 1.778
3.95947 2.286
3.95947 2.794
3.95947 3.302
3.95947 3.81
3.95947 4.318
3.95947 4.826
3.95947 5.334
4.39941 -4.572
4.39941 -4.064
4.39941 -3.556
4.39941 -3.048
4.39941 -2.54
4.39941 -2.032
4.39941 -1.524
4.39941 -1.016
4.39941 -0.508
4.39941 0
4.39941 0.508
4.39941 1.016
4.39941 1.524
4.39941 2.032
4.39941 2.54
4.39941 3.048
4.39941 3.556
4.39941 4.064
4.39941 4.572
4.83935 -3.81
4.83935 -3.302
4.83935 -2.794
4.83935 -2.286
4.83935 -1.778
4.83935 -1.27
4.83935 -0.762
4.83935 -0.254
4.83935 0.254
4.83935 0.762
4.83935 1.27
4.83935 1.778
4.83935 2.286
4.83935 2.794
4.83935 3.302
4.83935 3.81
5.27929 -3.048
5.27929 -2.54
5.27929 -2.032
5.27929 -1.524
5.27929 -1.016
5.27929 -0.508
5.27929 0
5.27929 0.508
5.27929 1.016
5.27929 1.524
5.27929 2.032
5.27929 2.54
5.27929 3.048
5.71923 -2.286
5.71923 -1.778
5.71923 -1.27
5.71923 -0.762
5.71923 -0.254
5.71923 0.254
5.71923 0.762
5.71923 1.27
5.71923 1.778
5.71923 2.286
6.15917 -1.524
6.15917 -1.016
6.15917 -0.508
6.15917 0
6.15917 0.508
6.15917 1.016
6.15917 1.524
6.59911 -0.762
6.59911 -0.254
6.59911 0.254
6.59911 0.762
7.03905 0
