OFF
12 32 0
0 0.5257311121191336 0.85065080835204
0 0.5257311121191336 -0.85065080835204
0 -0.5257311121191336 0.85065080835204
0 -0.5257311121191336 -0.85065080835204
0.5257311121191336 0.85065080835204 0
0.5257311121191336 -0.85065080835204 0
-0.5257311121191336 0.85065080835204 0
-0.5257311121191336 -0.85065080835204 0
0.85065080835204 0 0.5257311121191336
0.85065080835204 0 -0.5257311121191336
-0.85065080835204 0 0.5257311121191336
-0.85065080835204 0 -0.5257311121191336
3 1 3 11 0.90196 0.45098 0.00000
3 0 10 2 0.90196 0.45098 0.00000
3 2 5 8 0.90196 0.45098 0.00000
3 3 7 11 0.90196 0.45098 0.00000
3 1 6 4 0.90196 0.45098 0.00000
3 2 7 5 0.90196 0.45098 0.00000
3 3 9 5 0.90196 0.45098 0.00000
3 0 4 6 0.90196 0.45098 0.00000
3 2 10 7 0.90196 0.45098 0.00000
3 3 5 7 0.90196 0.45098 0.00000
3 0 2 8 0.90196 0.45098 0.00000
3 0 8 4 0.90196 0.45098 0.00000
3 5 9 8 0.90196 0.45098 0.00000
3 1 4 9 0.90196 0.45098 0.00000
3 1 9 3 0.90196 0.45098 0.00000
3 4 8 9 0.90196 0.45098 0.00000
3 0 6 10 0.90196 0.45098 0.00000
3 6 11 10 0.90196 0.45098 0.00000
3 1 11 6 0.90196 0.45098 0.00000
3 7 10 11 0.90196 0.45098 0.00000
1 0 0.38824 0.60000 0.30196
1 1 0.38824 0.60000 0.30196
1 2 0.38824 0.60000 0.30196
1 3 0.38824 0.60000 0.30196
1 4 0.38824 0.60000 0.30196
1 5 0.38824 0.60000 0.30196
1 6 0.38824 0.60000 0.30196
1 7 0.38824 0.60000 0.30196
1 8 0.38824 0.60000 0.30196
1 9 0.38824 0.60000 0.30196
1 10 0.38824 0.60000 0.30196
1 11 0.38824 0.60000 0.30196
