636
636
coverage: 65.166928%
11.2158781801 -13.7548384451 1.08675156956e-15
12.982289355 -12.1017216586 1.08675156956e-15
14.5074705771 -10.2237371569 1.08675156956e-15
15.7630817451 -8.15578064302 1.08675156956e-15
16.7257917643 -5.93627777803 1.08675156956e-15
17.3777120723 -3.60647017638 1.08675156956e-15
17.7067290348 -1.20964907604 1.08675156956e-15
17.7067290348 1.20964907604 1.08675156956e-15
17.3777120723 3.60647017638 1.08675156956e-15
16.7257917643 5.93627777803 1.08675156956e-15
15.7630817451 8.15578064302 1.08675156956e-15
14.5074705771 10.2237371569 1.08675156956e-15
12.982289355 12.1017216586 1.08675156956e-15
11.2158781801 13.7548384451 1.08675156956e-15
12.0431649943 -12.8685289521 2.08677826569
12.0431649943 -12.8685289521 -2.08677826569
13.6813547569 -11.1111382173 2.08677826569
13.6813547569 -11.1111382173 -2.08677826569
15.0653249076 -9.14728625872 2.08677826569
15.0653249076 -9.14728625872 -2.08677826569
16.1693592535 -7.01346432235 2.08677826569
16.1693592535 -7.01346432235 -2.08677826569
16.9729432194 -4.74932194544 2.08677826569
16.9729432194 -4.74932194544 -2.08677826569
17.461145038 -2.3969302099 2.08677826569
17.461145038 -2.3969302099 -2.08677826569
17.6248932045 0.0 2.08677826569
17.6248932045 0.0 -2.08677826569
17.461145038 2.3969302099 2.08677826569
17.461145038 2.3969302099 -2.08677826569
16.9729432194 4.74932194544 2.08677826569
16.9729432194 4.74932194544 -2.08677826569
16.1693592535 7.01346432235 2.08677826569
16.1693592535 7.01346432235 -2.08677826569
15.0653249076 9.14728625872 2.08677826569
15.0653249076 9.14728625872 -2.08677826569
13.6813547569 11.1111382173 2.08677826569
13.6813547569 11.1111382173 -2.08677826569
12.0431649943 12.8685289521 2.08677826569
12.0431649943 12.8685289521 -2.08677826569
11.3135281868 -12.797833888 4.8177828659
11.3135281868 -12.797833888 -4.8177828659
13.142486693 -10.9112563796 4.8177828659
13.142486693 -10.9112563796 -4.8177828659
14.6604607256 -8.76649094971 4.8177828659
14.6604607256 -8.76649094971 -4.8177828659
15.8315311797 -6.41428817273 4.8177828659
15.8315311797 -6.41428817273 -4.8177828659
16.6279875668 -3.91030711526 4.8177828659
16.6279875668 -3.91030711526 -4.8177828659
17.0309837144 -1.31379830193 4.8177828659
17.0309837144 -1.31379830193 -4.8177828659
17.0309837144 1.31379830193 4.8177828659
17.0309837144 1.31379830193 -4.8177828659
16.6279875668 3.91030711526 4.8177828659
16.6279875668 3.91030711526 -4.8177828659
15.8315311797 6.41428817273 4.8177828659
15.8315311797 6.41428817273 -4.8177828659
14.6604607256 8.76649094971 4.8177828659
14.6604607256 8.76649094971 -4.8177828659
13.142486693 10.9112563796 4.8177828659
13.142486693 10.9112563796 -4.8177828659
11.3135281868 12.797833888 4.8177828659
11.3135281868 12.797833888 -4.8177828659
11.7725519669 -11.4129999771 6.7927870354
11.7725519669 -11.4129999771 -6.7927870354
13.3836867915 -9.47240603855 6.7927870354
13.3836867915 -9.47240603855 -6.7927870354
14.678129738 -7.30767101655 6.7927870354
14.678129738 -7.30767101655 -6.7927870354
15.6252510126 -4.97001801654 6.7927870354
15.6252510126 -4.97001801654 -6.7927870354
16.2026393306 -2.51476182064 6.7927870354
16.2026393306 -2.51476182064 -6.7927870354
16.3966322241 0.0 6.7927870354
16.3966322241 0.0 -6.7927870354
16.2026393306 2.51476182064 6.7927870354
16.2026393306 2.51476182064 -6.7927870354
15.6252510126 4.97001801654 6.7927870354
15.6252510126 4.97001801654 -6.7927870354
14.678129738 7.30767101655 6.7927870354
14.678129738 7.30767101655 -6.7927870354
13.3836867915 9.47240603855 6.7927870354
13.3836867915 9.47240603855 -6.7927870354
11.7725519669 11.4129999771 6.7927870354
11.7725519669 11.4129999771 -6.7927870354
11.9134798135 -9.8909008359 8.67355655936
11.9134798135 -9.8909008359 -8.67355655936
13.2895019786 -7.94670106228 8.67355655936
13.2895019786 -7.94670106228 -8.67355655936
14.3510609165 -5.8144622436 8.67355655936
14.3510609165 -5.8144622436 -8.67355655936
15.073037458 -3.54463854294 8.67355655936
15.073037458 -3.54463854294 -8.67355655936
15.4383478122 -1.19093972965 8.67355655936
15.4383478122 -1.19093972965 -8.67355655936
15.4383478122 1.19093972965 8.67355655936
15.4383478122 1.19093972965 -8.67355655936
15.073037458 3.54463854294 8.67355655936
15.073037458 3.54463854294 -8.67355655936
14.3510609165 5.8144622436 8.67355655936
14.3510609165 5.8144622436 -8.67355655936
13.2895019786 7.94670106228 8.67355655936
13.2895019786 7.94670106228 -8.67355655936
11.9134798135 9.8909008359 8.67355655936
11.9134798135 9.8909008359 -8.67355655936
-11.2158781801 13.7548384451 1.08675156956e-15
-12.982289355 12.1017216586 1.08675156956e-15
-14.5074705771 10.2237371569 1.08675156956e-15
-15.7630817451 8.15578064302 1.08675156956e-15
-16.7257917643 5.93627777803 1.08675156956e-15
-17.3777120723 3.60647017638 1.08675156956e-15
-17.7067290348 1.20964907604 1.08675156956e-15
-17.7067290348 -1.20964907604 1.08675156956e-15
-17.3777120723 -3.60647017638 1.08675156956e-15
-16.7257917643 -5.93627777803 1.08675156956e-15
-15.7630817451 -8.15578064302 1.08675156956e-15
-14.5074705771 -10.2237371569 1.08675156956e-15
-12.982289355 -12.1017216586 1.08675156956e-15
-11.2158781801 -13.7548384451 1.08675156956e-15
-12.0431649943 12.8685289521 2.08677826569
-12.0431649943 12.8685289521 -2.08677826569
-13.6813547569 11.1111382173 2.08677826569
-13.6813547569 11.1111382173 -2.08677826569
-15.0653249076 9.14728625872 2.08677826569
-15.0653249076 9.14728625872 -2.08677826569
-16.1693592535 7.01346432235 2.08677826569
-16.1693592535 7.01346432235 -2.08677826569
-16.9729432194 4.74932194544 2.08677826569
-16.9729432194 4.74932194544 -2.08677826569
-17.461145038 2.3969302099 2.08677826569
-17.461145038 2.3969302099 -2.08677826569
-17.6248932045 2.15842690482e-15 2.08677826569
-17.6248932045 2.15842690482e-15 -2.08677826569
-17.461145038 -2.3969302099 2.08677826569
-17.461145038 -2.3969302099 -2.08677826569
-16.9729432194 -4.74932194544 2.08677826569
-16.9729432194 -4.74932194544 -2.08677826569
-16.1693592535 -7.01346432235 2.08677826569
-16.1693592535 -7.01346432235 -2.08677826569
-15.0653249076 -9.14728625872 2.08677826569
-15.0653249076 -9.14728625872 -2.08677826569
-13.6813547569 -11.1111382173 2.08677826569
-13.6813547569 -11.1111382173 -2.08677826569
-12.0431649943 -12.8685289521 2.08677826569
-12.0431649943 -12.8685289521 -2.08677826569
-11.3135281868 12.797833888 4.8177828659
-11.3135281868 12.797833888 -4.8177828659
-13.142486693 10.9112563796 4.8177828659
-13.142486693 10.9112563796 -4.8177828659
-14.6604607256 8.76649094971 4.8177828659
-14.6604607256 8.76649094971 -4.8177828659
-15.8315311797 6.41428817273 4.8177828659
-15.8315311797 6.41428817273 -4.8177828659
-16.6279875668 3.91030711526 4.8177828659
-16.6279875668 3.91030711526 -4.8177828659
-17.0309837144 1.31379830193 4.8177828659
-17.0309837144 1.31379830193 -4.8177828659
-17.0309837144 -1.31379830193 4.8177828659
-17.0309837144 -1.31379830193 -4.8177828659
-16.6279875668 -3.91030711526 4.8177828659
-16.6279875668 -3.91030711526 -4.8177828659
-15.8315311797 -6.41428817273 4.8177828659
-15.8315311797 -6.41428817273 -4.8177828659
-14.6604607256 -8.76649094971 4.8177828659
-14.6604607256 -8.76649094971 -4.8177828659
-13.142486693 -10.9112563796 4.8177828659
-13.142486693 -10.9112563796 -4.8177828659
-11.3135281868 -12.797833888 4.8177828659
-11.3135281868 -12.797833888 -4.8177828659
-11.7725519669 11.4129999771 6.7927870354
-11.7725519669 11.4129999771 -6.7927870354
-13.3836867915 9.47240603855 6.7927870354
-13.3836867915 9.47240603855 -6.7927870354
-14.678129738 7.30767101655 6.7927870354
-14.678129738 7.30767101655 -6.7927870354
-15.6252510126 4.97001801654 6.7927870354
-15.6252510126 4.97001801654 -6.7927870354
-16.2026393306 2.51476182064 6.7927870354
-16.2026393306 2.51476182064 -6.7927870354
-16.3966322241 2.008008317e-15 6.7927870354
-16.3966322241 2.008008317e-15 -6.7927870354
-16.2026393306 -2.51476182064 6.7927870354
-16.2026393306 -2.51476182064 -6.7927870354
-15.6252510126 -4.97001801654 6.7927870354
-15.6252510126 -4.97001801654 -6.7927870354
-14.678129738 -7.30767101655 6.7927870354
-14.678129738 -7.30767101655 -6.7927870354
-13.3836867915 -9.47240603855 6.7927870354
-13.3836867915 -9.47240603855 -6.7927870354
-11.7725519669 -11.4129999771 6.7927870354
-11.7725519669 -11.4129999771 -6.7927870354
-11.9134798135 9.8909008359 8.67355655936
-11.9134798135 9.8909008359 -8.67355655936
-13.2895019786 7.94670106228 8.67355655936
-13.2895019786 7.94670106228 -8.67355655936
-14.3510609165 5.8144622436 8.67355655936
-14.3510609165 5.8144622436 -8.67355655936
-15.073037458 3.54463854294 8.67355655936
-15.073037458 3.54463854294 -8.67355655936
-15.4383478122 1.19093972965 8.67355655936
-15.4383478122 1.19093972965 -8.67355655936
-15.4383478122 -1.19093972965 8.67355655936
-15.4383478122 -1.19093972965 -8.67355655936
-15.073037458 -3.54463854294 8.67355655936
-15.073037458 -3.54463854294 -8.67355655936
-14.3510609165 -5.8144622436 8.67355655936
-14.3510609165 -5.8144622436 -8.67355655936
-13.2895019786 -7.94670106228 8.67355655936
-13.2895019786 -7.94670106228 -8.67355655936
-11.9134798135 -9.8909008359 8.67355655936
-11.9134798135 -9.8909008359 -8.67355655936
-13.7548384451 -1.08675156956e-15 11.2158781801
-12.1017216586 -1.08675156956e-15 12.982289355
-10.2237371569 -1.08675156956e-15 14.5074705771
-8.15578064302 -1.08675156956e-15 15.7630817451
-5.93627777803 -1.08675156956e-15 16.7257917643
-3.60647017638 -1.08675156956e-15 17.3777120723
-1.20964907604 -1.08675156956e-15 17.7067290348
1.20964907604 -1.08675156956e-15 17.7067290348
3.60647017638 -1.08675156956e-15 17.3777120723
5.93627777803 -1.08675156956e-15 16.7257917643
8.15578064302 -1.08675156956e-15 15.7630817451
10.2237371569 -1.08675156956e-15 14.5074705771
12.1017216586 -1.08675156956e-15 12.982289355
13.7548384451 -1.08675156956e-15 11.2158781801
-12.8685289521 -2.08677826569 12.0431649943
-12.8685289521 2.08677826569 12.0431649943
-11.1111382173 -2.08677826569 13.6813547569
-11.1111382173 2.08677826569 13.6813547569
-9.14728625872 -2.08677826569 15.0653249076
-9.14728625872 2.08677826569 15.0653249076
-7.01346432235 -2.08677826569 16.1693592535
-7.01346432235 2.08677826569 16.1693592535
-4.74932194544 -2.08677826569 16.9729432194
-4.74932194544 2.08677826569 16.9729432194
-2.3969302099 -2.08677826569 17.461145038
-2.3969302099 2.08677826569 17.461145038
0.0 -2.08677826569 17.6248932045
0.0 2.08677826569 17.6248932045
2.3969302099 -2.08677826569 17.461145038
2.3969302099 2.08677826569 17.461145038
4.74932194544 -2.08677826569 16.9729432194
4.74932194544 2.08677826569 16.9729432194
7.01346432235 -2.08677826569 16.1693592535
7.01346432235 2.08677826569 16.1693592535
9.14728625872 -2.08677826569 15.0653249076
9.14728625872 2.08677826569 15.0653249076
11.1111382173 -2.08677826569 13.6813547569
11.1111382173 2.08677826569 13.6813547569
12.8685289521 -2.08677826569 12.0431649943
12.8685289521 2.08677826569 12.0431649943
-12.797833888 -4.8177828659 11.3135281868
-12.797833888 4.8177828659 11.3135281868
-10.9112563796 -4.8177828659 13.142486693
-10.9112563796 4.8177828659 13.142486693
-8.76649094971 -4.8177828659 14.6604607256
-8.76649094971 4.8177828659 14.6604607256
-6.41428817273 -4.8177828659 15.8315311797
-6.41428817273 4.8177828659 15.8315311797
-3.91030711526 -4.8177828659 16.6279875668
-3.91030711526 4.8177828659 16.6279875668
-1.31379830193 -4.8177828659 17.0309837144
-1.31379830193 4.8177828659 17.0309837144
1.31379830193 -4.8177828659 17.0309837144
1.31379830193 4.8177828659 17.0309837144
3.91030711526 -4.8177828659 16.6279875668
3.91030711526 4.8177828659 16.6279875668
6.41428817273 -4.8177828659 15.8315311797
6.41428817273 4.8177828659 15.8315311797
8.76649094971 -4.8177828659 14.6604607256
8.76649094971 4.8177828659 14.6604607256
10.9112563796 -4.8177828659 13.142486693
10.9112563796 4.8177828659 13.142486693
12.797833888 -4.8177828659 11.3135281868
12.797833888 4.8177828659 11.3135281868
-11.4129999771 -6.7927870354 11.7725519669
-11.4129999771 6.7927870354 11.7725519669
-9.47240603855 -6.7927870354 13.3836867915
-9.47240603855 6.7927870354 13.3836867915
-7.30767101655 -6.7927870354 14.678129738
-7.30767101655 6.7927870354 14.678129738
-4.97001801654 -6.7927870354 15.6252510126
-4.97001801654 6.7927870354 15.6252510126
-2.51476182064 -6.7927870354 16.2026393306
-2.51476182064 6.7927870354 16.2026393306
0.0 -6.7927870354 16.3966322241
0.0 6.7927870354 16.3966322241
2.51476182064 -6.7927870354 16.2026393306
2.51476182064 6.7927870354 16.2026393306
4.97001801654 -6.7927870354 15.6252510126
4.97001801654 6.7927870354 15.6252510126
7.30767101655 -6.7927870354 14.678129738
7.30767101655 6.7927870354 14.678129738
9.47240603855 -6.7927870354 13.3836867915
9.47240603855 6.7927870354 13.3836867915
11.4129999771 -6.7927870354 11.7725519669
11.4129999771 6.7927870354 11.7725519669
-9.8909008359 -8.67355655936 11.9134798135
-9.8909008359 8.67355655936 11.9134798135
-7.94670106228 -8.67355655936 13.2895019786
-7.94670106228 8.67355655936 13.2895019786
-5.8144622436 -8.67355655936 14.3510609165
-5.8144622436 8.67355655936 14.3510609165
-3.54463854294 -8.67355655936 15.073037458
-3.54463854294 8.67355655936 15.073037458
-1.19093972965 -8.67355655936 15.4383478122
-1.19093972965 8.67355655936 15.4383478122
1.19093972965 -8.67355655936 15.4383478122
1.19093972965 8.67355655936 15.4383478122
3.54463854294 -8.67355655936 15.073037458
3.54463854294 8.67355655936 15.073037458
5.8144622436 -8.67355655936 14.3510609165
5.8144622436 8.67355655936 14.3510609165
7.94670106228 -8.67355655936 13.2895019786
7.94670106228 8.67355655936 13.2895019786
9.8909008359 -8.67355655936 11.9134798135
9.8909008359 8.67355655936 11.9134798135
13.7548384451 -1.08675156956e-15 -11.2158781801
12.1017216586 -1.08675156956e-15 -12.982289355
10.2237371569 -1.08675156956e-15 -14.5074705771
8.15578064302 -1.08675156956e-15 -15.7630817451
5.93627777803 -1.08675156956e-15 -16.7257917643
3.60647017638 -1.08675156956e-15 -17.3777120723
1.20964907604 -1.08675156956e-15 -17.7067290348
-1.20964907604 -1.08675156956e-15 -17.7067290348
-3.60647017638 -1.08675156956e-15 -17.3777120723
-5.93627777803 -1.08675156956e-15 -16.7257917643
-8.15578064302 -1.08675156956e-15 -15.7630817451
-10.2237371569 -1.08675156956e-15 -14.5074705771
-12.1017216586 -1.08675156956e-15 -12.982289355
-13.7548384451 -1.08675156956e-15 -11.2158781801
12.8685289521 -2.08677826569 -12.0431649943
12.8685289521 2.08677826569 -12.0431649943
11.1111382173 -2.08677826569 -13.6813547569
11.1111382173 2.08677826569 -13.6813547569
9.14728625872 -2.08677826569 -15.0653249076
9.14728625872 2.08677826569 -15.0653249076
7.01346432235 -2.08677826569 -16.1693592535
7.01346432235 2.08677826569 -16.1693592535
4.74932194544 -2.08677826569 -16.9729432194
4.74932194544 2.08677826569 -16.9729432194
2.3969302099 -2.08677826569 -17.461145038
2.3969302099 2.08677826569 -17.461145038
2.15842690482e-15 -2.08677826569 -17.6248932045
2.15842690482e-15 2.08677826569 -17.6248932045
-2.3969302099 -2.08677826569 -17.461145038
-2.3969302099 2.08677826569 -17.461145038
-4.74932194544 -2.08677826569 -16.9729432194
-4.74932194544 2.08677826569 -16.9729432194
-7.01346432235 -2.08677826569 -16.1693592535
-7.01346432235 2.08677826569 -16.1693592535
-9.14728625872 -2.08677826569 -15.0653249076
-9.14728625872 2.08677826569 -15.0653249076
-11.1111382173 -2.08677826569 -13.6813547569
-11.1111382173 2.08677826569 -13.6813547569
-12.8685289521 -2.08677826569 -12.0431649943
-12.8685289521 2.08677826569 -12.0431649943
12.797833888 -4.8177828659 -11.3135281868
12.797833888 4.8177828659 -11.3135281868
10.9112563796 -4.8177828659 -13.142486693
10.9112563796 4.8177828659 -13.142486693
8.76649094971 -4.8177828659 -14.6604607256
8.76649094971 4.8177828659 -14.6604607256
6.41428817273 -4.8177828659 -15.8315311797
6.41428817273 4.8177828659 -15.8315311797
3.91030711526 -4.8177828659 -16.6279875668
3.91030711526 4.8177828659 -16.6279875668
1.31379830193 -4.8177828659 -17.0309837144
1.31379830193 4.8177828659 -17.0309837144
-1.31379830193 -4.8177828659 -17.0309837144
-1.31379830193 4.8177828659 -17.0309837144
-3.91030711526 -4.8177828659 -16.6279875668
-3.91030711526 4.8177828659 -16.6279875668
-6.41428817273 -4.8177828659 -15.8315311797
-6.41428817273 4.8177828659 -15.8315311797
-8.76649094971 -4.8177828659 -14.6604607256
-8.76649094971 4.8177828659 -14.6604607256
-10.9112563796 -4.8177828659 -13.142486693
-10.9112563796 4.8177828659 -13.142486693
-12.797833888 -4.8177828659 -11.3135281868
-12.797833888 4.8177828659 -11.3135281868
11.4129999771 -6.7927870354 -11.7725519669
11.4129999771 6.7927870354 -11.7725519669
9.47240603855 -6.7927870354 -13.3836867915
9.47240603855 6.7927870354 -13.3836867915
7.30767101655 -6.7927870354 -14.678129738
7.30767101655 6.7927870354 -14.678129738
4.97001801654 -6.7927870354 -15.6252510126
4.97001801654 6.7927870354 -15.6252510126
2.51476182064 -6.7927870354 -16.2026393306
2.51476182064 6.7927870354 -16.2026393306
2.008008317e-15 -6.7927870354 -16.3966322241
2.008008317e-15 6.7927870354 -16.3966322241
-2.51476182064 -6.7927870354 -16.2026393306
-2.51476182064 6.7927870354 -16.2026393306
-4.97001801654 -6.7927870354 -15.6252510126
-4.97001801654 6.7927870354 -15.6252510126
-7.30767101655 -6.7927870354 -14.678129738
-7.30767101655 6.7927870354 -14.678129738
-9.47240603855 -6.7927870354 -13.3836867915
-9.47240603855 6.7927870354 -13.3836867915
-11.4129999771 -6.7927870354 -11.7725519669
-11.4129999771 6.7927870354 -11.7725519669
9.8909008359 -8.67355655936 -11.9134798135
9.8909008359 8.67355655936 -11.9134798135
7.94670106228 -8.67355655936 -13.2895019786
7.94670106228 8.67355655936 -13.2895019786
5.8144622436 -8.67355655936 -14.3510609165
5.8144622436 8.67355655936 -14.3510609165
3.54463854294 -8.67355655936 -15.073037458
3.54463854294 8.67355655936 -15.073037458
1.19093972965 -8.67355655936 -15.4383478122
1.19093972965 8.67355655936 -15.4383478122
-1.19093972965 -8.67355655936 -15.4383478122
-1.19093972965 8.67355655936 -15.4383478122
-3.54463854294 -8.67355655936 -15.073037458
-3.54463854294 8.67355655936 -15.073037458
-5.8144622436 -8.67355655936 -14.3510609165
-5.8144622436 8.67355655936 -14.3510609165
-7.94670106228 -8.67355655936 -13.2895019786
-7.94670106228 8.67355655936 -13.2895019786
-9.8909008359 -8.67355655936 -11.9134798135
-9.8909008359 8.67355655936 -11.9134798135
-1.08675156956e-15 11.2158781801 -13.7548384451
-1.08675156956e-15 12.982289355 -12.1017216586
-1.08675156956e-15 14.5074705771 -10.2237371569
-1.08675156956e-15 15.7630817451 -8.15578064302
-1.08675156956e-15 16.7257917643 -5.93627777803
-1.08675156956e-15 17.3777120723 -3.60647017638
-1.08675156956e-15 17.7067290348 -1.20964907604
-1.08675156956e-15 17.7067290348 1.20964907604
-1.08675156956e-15 17.3777120723 3.60647017638
-1.08675156956e-15 16.7257917643 5.93627777803
-1.08675156956e-15 15.7630817451 8.15578064302
-1.08675156956e-15 14.5074705771 10.2237371569
-1.08675156956e-15 12.982289355 12.1017216586
-1.08675156956e-15 11.2158781801 13.7548384451
-2.08677826569 12.0431649943 -12.8685289521
2.08677826569 12.0431649943 -12.8685289521
-2.08677826569 13.6813547569 -11.1111382173
2.08677826569 13.6813547569 -11.1111382173
-2.08677826569 15.0653249076 -9.14728625872
2.08677826569 15.0653249076 -9.14728625872
-2.08677826569 16.1693592535 -7.01346432235
2.08677826569 16.1693592535 -7.01346432235
-2.08677826569 16.9729432194 -4.74932194544
2.08677826569 16.9729432194 -4.74932194544
-2.08677826569 17.461145038 -2.3969302099
2.08677826569 17.461145038 -2.3969302099
-2.08677826569 17.6248932045 0.0
2.08677826569 17.6248932045 0.0
-2.08677826569 17.461145038 2.3969302099
2.08677826569 17.461145038 2.3969302099
-2.08677826569 16.9729432194 4.74932194544
2.08677826569 16.9729432194 4.74932194544
-2.08677826569 16.1693592535 7.01346432235
2.08677826569 16.1693592535 7.01346432235
-2.08677826569 15.0653249076 9.14728625872
2.08677826569 15.0653249076 9.14728625872
-2.08677826569 13.6813547569 11.1111382173
2.08677826569 13.6813547569 11.1111382173
-2.08677826569 12.0431649943 12.8685289521
2.08677826569 12.0431649943 12.8685289521
-4.8177828659 11.3135281868 -12.797833888
4.8177828659 11.3135281868 -12.797833888
-4.8177828659 13.142486693 -10.9112563796
4.8177828659 13.142486693 -10.9112563796
-4.8177828659 14.6604607256 -8.76649094971
4.8177828659 14.6604607256 -8.76649094971
-4.8177828659 15.8315311797 -6.41428817273
4.8177828659 15.8315311797 -6.41428817273
-4.8177828659 16.6279875668 -3.91030711526
4.8177828659 16.6279875668 -3.91030711526
-4.8177828659 17.0309837144 -1.31379830193
4.8177828659 17.0309837144 -1.31379830193
-4.8177828659 17.0309837144 1.31379830193
4.8177828659 17.0309837144 1.31379830193
-4.8177828659 16.6279875668 3.91030711526
4.8177828659 16.6279875668 3.91030711526
-4.8177828659 15.8315311797 6.41428817273
4.8177828659 15.8315311797 6.41428817273
-4.8177828659 14.6604607256 8.76649094971
4.8177828659 14.6604607256 8.76649094971
-4.8177828659 13.142486693 10.9112563796
4.8177828659 13.142486693 10.9112563796
-4.8177828659 11.3135281868 12.797833888
4.8177828659 11.3135281868 12.797833888
-6.7927870354 11.7725519669 -11.4129999771
6.7927870354 11.7725519669 -11.4129999771
-6.7927870354 13.3836867915 -9.47240603855
6.7927870354 13.3836867915 -9.47240603855
-6.7927870354 14.678129738 -7.30767101655
6.7927870354 14.678129738 -7.30767101655
-6.7927870354 15.6252510126 -4.97001801654
6.7927870354 15.6252510126 -4.97001801654
-6.7927870354 16.2026393306 -2.51476182064
6.7927870354 16.2026393306 -2.51476182064
-6.7927870354 16.3966322241 0.0
6.7927870354 16.3966322241 0.0
-6.7927870354 16.2026393306 2.51476182064
6.7927870354 16.2026393306 2.51476182064
-6.7927870354 15.6252510126 4.97001801654
6.7927870354 15.6252510126 4.97001801654
-6.7927870354 14.678129738 7.30767101655
6.7927870354 14.678129738 7.30767101655
-6.7927870354 13.3836867915 9.47240603855
6.7927870354 13.3836867915 9.47240603855
-6.7927870354 11.7725519669 11.4129999771
6.7927870354 11.7725519669 11.4129999771
-8.67355655936 11.9134798135 -9.8909008359
8.67355655936 11.9134798135 -9.8909008359
-8.67355655936 13.2895019786 -7.94670106228
8.67355655936 13.2895019786 -7.94670106228
-8.67355655936 14.3510609165 -5.8144622436
8.67355655936 14.3510609165 -5.8144622436
-8.67355655936 15.073037458 -3.54463854294
8.67355655936 15.073037458 -3.54463854294
-8.67355655936 15.4383478122 -1.19093972965
8.67355655936 15.4383478122 -1.19093972965
-8.67355655936 15.4383478122 1.19093972965
8.67355655936 15.4383478122 1.19093972965
-8.67355655936 15.073037458 3.54463854294
8.67355655936 15.073037458 3.54463854294
-8.67355655936 14.3510609165 5.8144622436
8.67355655936 14.3510609165 5.8144622436
-8.67355655936 13.2895019786 7.94670106228
8.67355655936 13.2895019786 7.94670106228
-8.67355655936 11.9134798135 9.8909008359
8.67355655936 11.9134798135 9.8909008359
-1.08675156956e-15 -11.2158781801 13.7548384451
-1.08675156956e-15 -12.982289355 12.1017216586
-1.08675156956e-15 -14.5074705771 10.2237371569
-1.08675156956e-15 -15.7630817451 8.15578064302
-1.08675156956e-15 -16.7257917643 5.93627777803
-1.08675156956e-15 -17.3777120723 3.60647017638
-1.08675156956e-15 -17.7067290348 1.20964907604
-1.08675156956e-15 -17.7067290348 -1.20964907604
-1.08675156956e-15 -17.3777120723 -3.60647017638
-1.08675156956e-15 -16.7257917643 -5.93627777803
-1.08675156956e-15 -15.7630817451 -8.15578064302
-1.08675156956e-15 -14.5074705771 -10.2237371569
-1.08675156956e-15 -12.982289355 -12.1017216586
-1.08675156956e-15 -11.2158781801 -13.7548384451
-2.08677826569 -12.0431649943 12.8685289521
2.08677826569 -12.0431649943 12.8685289521
-2.08677826569 -13.6813547569 11.1111382173
2.08677826569 -13.6813547569 11.1111382173
-2.08677826569 -15.0653249076 9.14728625872
2.08677826569 -15.0653249076 9.14728625872
-2.08677826569 -16.1693592535 7.01346432235
2.08677826569 -16.1693592535 7.01346432235
-2.08677826569 -16.9729432194 4.74932194544
2.08677826569 -16.9729432194 4.74932194544
-2.08677826569 -17.461145038 2.3969302099
2.08677826569 -17.461145038 2.3969302099
-2.08677826569 -17.6248932045 2.15842690482e-15
2.08677826569 -17.6248932045 2.15842690482e-15
-2.08677826569 -17.461145038 -2.3969302099
2.08677826569 -17.461145038 -2.3969302099
-2.08677826569 -16.9729432194 -4.74932194544
2.08677826569 -16.9729432194 -4.74932194544
-2.08677826569 -16.1693592535 -7.01346432235
2.08677826569 -16.1693592535 -7.01346432235
-2.08677826569 -15.0653249076 -9.14728625872
2.08677826569 -15.0653249076 -9.14728625872
-2.08677826569 -13.6813547569 -11.1111382173
2.08677826569 -13.6813547569 -11.1111382173
-2.08677826569 -12.0431649943 -12.8685289521
2.08677826569 -12.0431649943 -12.8685289521
-4.8177828659 -11.3135281868 12.797833888
4.8177828659 -11.3135281868 12.797833888
-4.8177828659 -13.142486693 10.9112563796
4.8177828659 -13.142486693 10.9112563796
-4.8177828659 -14.6604607256 8.76649094971
4.8177828659 -14.6604607256 8.76649094971
-4.8177828659 -15.8315311797 6.41428817273
4.8177828659 -15.8315311797 6.41428817273
-4.8177828659 -16.6279875668 3.91030711526
4.8177828659 -16.6279875668 3.91030711526
-4.8177828659 -17.0309837144 1.31379830193
4.8177828659 -17.0309837144 1.31379830193
-4.8177828659 -17.0309837144 -1.31379830193
4.8177828659 -17.0309837144 -1.31379830193
-4.8177828659 -16.6279875668 -3.91030711526
4.8177828659 -16.6279875668 -3.91030711526
-4.8177828659 -15.8315311797 -6.41428817273
4.8177828659 -15.8315311797 -6.41428817273
-4.8177828659 -14.6604607256 -8.76649094971
4.8177828659 -14.6604607256 -8.76649094971
-4.8177828659 -13.142486693 -10.9112563796
4.8177828659 -13.142486693 -10.9112563796
-4.8177828659 -11.3135281868 -12.797833888
4.8177828659 -11.3135281868 -12.797833888
-6.7927870354 -11.7725519669 11.4129999771
6.7927870354 -11.7725519669 11.4129999771
-6.7927870354 -13.3836867915 9.47240603855
6.7927870354 -13.3836867915 9.47240603855
-6.7927870354 -14.678129738 7.30767101655
6.7927870354 -14.678129738 7.30767101655
-6.7927870354 -15.6252510126 4.97001801654
6.7927870354 -15.6252510126 4.97001801654
-6.7927870354 -16.2026393306 2.51476182064
6.7927870354 -16.2026393306 2.51476182064
-6.7927870354 -16.3966322241 2.008008317e-15
6.7927870354 -16.3966322241 2.008008317e-15
-6.7927870354 -16.2026393306 -2.51476182064
6.7927870354 -16.2026393306 -2.51476182064
-6.7927870354 -15.6252510126 -4.97001801654
6.7927870354 -15.6252510126 -4.97001801654
-6.7927870354 -14.678129738 -7.30767101655
6.7927870354 -14.678129738 -7.30767101655
-6.7927870354 -13.3836867915 -9.47240603855
6.7927870354 -13.3836867915 -9.47240603855
-6.7927870354 -11.7725519669 -11.4129999771
6.7927870354 -11.7725519669 -11.4129999771
-8.67355655936 -11.9134798135 9.8909008359
8.67355655936 -11.9134798135 9.8909008359
-8.67355655936 -13.2895019786 7.94670106228
8.67355655936 -13.2895019786 7.94670106228
-8.67355655936 -14.3510609165 5.8144622436
8.67355655936 -14.3510609165 5.8144622436
-8.67355655936 -15.073037458 3.54463854294
8.67355655936 -15.073037458 3.54463854294
-8.67355655936 -15.4383478122 1.19093972965
8.67355655936 -15.4383478122 1.19093972965
-8.67355655936 -15.4383478122 -1.19093972965
8.67355655936 -15.4383478122 -1.19093972965
-8.67355655936 -15.073037458 -3.54463854294
8.67355655936 -15.073037458 -3.54463854294
-8.67355655936 -14.3510609165 -5.8144622436
8.67355655936 -14.3510609165 -5.8144622436
-8.67355655936 -13.2895019786 -7.94670106228
8.67355655936 -13.2895019786 -7.94670106228
-8.67355655936 -11.9134798135 -9.8909008359
8.67355655936 -11.9134798135 -9.8909008359
