77.8412602472
[0, 0.026536572725680815, True, 71]
[0.43680723196152693, 0.026536572725680815, False, 70]
[0.87347295149350879, 0.026536572725680815, True, 71]
[1.3098552311469736, 0.026536572725680815, False, 70]
[1.7458113150632306, 0.026536572725680815, True, 71]
[2.1811972088504983, 0.026536572725680815, False, 70]
[2.61586727437055, 0.026536572725680815, True, 71]
[3.0496738310983851, 0.026536572725680815, False, 70]
[3.4824667657347024, 0.026536572725680815, True, 69]
[3.9140931517743716, 0.026536572725680815, False, 72]
[4.4220931517743711, 0.026009809848906169, True, 70]
[4.9300931517743711, 0.026613436343376796, True, 70]
[5.4380931517743711, 0.026454867719960657, True, 70]
[5.9460931517743711, 0.02627581795702754, True, 70]
[6.4540931517743712, 0.026074597535462023, True, 68]
[6.9620931517743712, 0.026609470034208233, True, 68]
[7.4700931517743712, 0.026350093171925992, True, 68]
[7.9780931517743712, 0.026060423745589961, True, 66]
[8.4860931517743712, 0.026516827917758168, True, 66]
[8.9940931517743721, 0.026144243428698505, True, 64]
[9.5020931517743712, 0.026530943069076277, True, 64]
[10.01009315177437, 0.026047665922682647, True, 62]
[10.518093151774369, 0.026325466101633742, True, 60]
[11.026093151774369, 0.02654439212847166, True, 58]
