77.9092528651
[  0.00000000e+00   2.69103273e+16   0.00000000e+00   7.00000000e+19]
[  4.35850598e+17   2.69103273e+16   1.00000000e+18   6.90000000e+19]
[  8.71559702e+17   2.69103273e+16   0.00000000e+00   7.00000000e+19]
[  1.30698538e+18   2.69103273e+16   1.00000000e+18   6.90000000e+19]
[  1.74198486e+18   2.69103273e+16   0.00000000e+00   7.00000000e+19]
[  2.17641404e+18   2.69103273e+16   1.00000000e+18   6.90000000e+19]
[  2.61012714e+18   2.69103273e+16   0.00000000e+00   7.00000000e+19]
[  3.04297624e+18   2.69103273e+16   1.00000000e+18   6.90000000e+19]
[  3.47481089e+18   2.69103273e+16   0.00000000e+00   6.80000000e+19]
[  3.90547769e+18   2.69103273e+16   1.00000000e+18   6.90000000e+19]
[  4.33481996e+18   2.69103273e+16   0.00000000e+00   7.10000000e+19]
[  4.84281996e+18   2.62527409e+16   0.00000000e+00   6.90000000e+19]
[  5.35081996e+18   2.68534307e+16   0.00000000e+00   6.90000000e+19]
[  5.85881996e+18   2.66722069e+16   0.00000000e+00   6.90000000e+19]
[  6.36681996e+18   2.64682892e+16   0.00000000e+00   6.90000000e+19]
[  6.87481996e+18   2.62396209e+16   0.00000000e+00   6.70000000e+19]
[  7.38281996e+18   2.67593837e+16   0.00000000e+00   6.70000000e+19]
[  7.89081996e+18   2.64648350e+16   0.00000000e+00   6.50000000e+19]
[  8.39881996e+18   2.69397776e+16   0.00000000e+00   6.50000000e+19]
[  8.90681996e+18   2.65601150e+16   0.00000000e+00   6.30000000e+19]
[  9.41481996e+18   2.69642438e+16   0.00000000e+00   6.10000000e+19]
[  9.92281996e+18   2.64707423e+16   0.00000000e+00   6.10000000e+19]
[  1.04308200e+19   2.67634998e+16   0.00000000e+00   5.90000000e+19]
[  1.09388200e+19   2.69962998e+16   0.00000000e+00   5.90000000e+19]
